Longitde, Latitude co-ordinates defining a boundary around the Atlantic Ocean basin. 
 Used to extract E-P data. 
 
-68.30811  45.33779
-71.55847  44.60194
-72.85862  43.95033
-74.54881  43.19679
-75.32889  42.62546
-76.62904  41.85544
-78.05920  41.07604
-79.48936  40.38640
-80.26945  39.68962
-81.69961  38.98573
-82.34968  38.37678
-83.64983  37.55680
-84.94997  36.93582
-85.73006  36.30975
-86.77017  35.57292
-87.42025  34.93591
-88.20033  34.07882
-89.89052  33.43024
-91.45070  32.77678
-93.40092  32.11848
-95.22112  31.34443
-96.78130  30.56396
-97.82141  29.88994
-98.34147  29.21133
-99.25157  28.52820
-99.77163  27.84061
-100.68173  26.91702
-99.77163  26.33589
-100.03166  25.63467
-100.29169  24.92931
-99.77163  24.33840
-100.55172  23.74473
-99.77163  23.02874
-100.16168  22.18858
-99.77163  21.46442
-98.99154  20.85819
-98.86153  20.12748
-98.21146  19.39333
-97.82141  18.65586
-96.78130  17.91517
-95.87119  17.29555
-93.92098  16.54924
-92.62083  15.80004
-91.32068  15.29902
-89.11044  14.54525
-87.03020  13.91512
-85.99009  13.03008
-85.34001  12.26893
-85.07999  11.76026
-84.68994  11.12311
-84.29990  10.22877
-83.38980   9.58840
-82.60971   8.81836
-81.17955   8.17543
-77.27911   7.53146
-75.71894   6.75743
-73.11865   6.11146
-70.51835   5.46470
-68.56814   4.68768
-65.70782   4.03950
-63.75760   3.26100
-61.41733   2.48190
-59.33710   1.83229
-58.03696   1.18244
-56.34677   0.53245
-54.26653  -0.24763
-52.83637  -0.89767
-47.63579  -1.67755
-46.20563  -2.32723
-43.47532  -3.10643
-41.91515  -3.62559
-40.22496  -4.53338
-38.79480  -5.18111
-37.36464  -5.82818
-36.58455  -6.60368
-36.97460  -7.24900
-37.62467  -8.02217
-38.27474  -8.66536
-38.66479  -9.30745
-39.70490 -10.07639
-40.09495 -10.71579
-41.26508 -11.35384
-41.39509 -12.24470
-42.04516 -12.75243
-42.95527 -13.51212
-43.47532 -14.26938
-44.12540 -15.02411
-45.16551 -15.77619
-45.68557 -16.27603
-46.46566 -17.02341
-47.37576 -17.76781
-48.15585 -18.38579
-49.45599 -19.12445
-49.97605 -19.85982
-50.36610 -20.59180
-51.27620 -21.32028
-51.79626 -21.92461
-52.44633 -22.76636
-52.83637 -23.48376
-53.35643 -24.07863
-53.87649 -24.90683
-54.78659 -25.49502
-55.30665 -26.31367
-55.69669 -26.89491
-55.56668 -27.70364
-56.21675 -28.27767
-57.12685 -29.07612
-57.90694 -29.75563
-58.16697 -30.31840
-58.81704 -31.10086
-59.33710 -31.76646
-59.98717 -32.64652
-59.85716 -33.30095
-59.72715 -33.95050
-59.46712 -34.70209
 21.01190 -34.59513
 20.62186 -34.05828
 20.49184 -33.30095
 20.10180 -32.53698
 19.45173 -31.98728
 19.19170 -31.10086
 19.71175 -30.43057
 19.58174 -29.75563
 19.58174 -29.07612
 19.58174 -28.50642
 19.32171 -27.70364
 19.19170 -26.89491
 19.19170 -26.19707
 19.32171 -25.49502
 18.80165 -24.78885
 19.32171 -24.31582
 19.06168 -23.48376
 19.45173 -22.64642
 19.32171 -21.92461
 18.54162 -21.32028
 19.19170 -20.59180
 18.54162 -19.85982
 18.93167 -19.24724
 18.80165 -18.50912
 19.06168 -17.89158
 19.06168 -17.14768
 19.06168 -16.40079
 18.93167 -15.65103
 18.80165 -15.02411
 18.67164 -14.39535
 18.54162 -13.76481
 18.67164 -12.87921
 18.54162 -12.24470
 17.89155 -11.60867
 17.63152 -10.84351
 17.24148 -10.20438
 17.50151  -9.43573
 16.85143  -8.66536
 16.98145  -8.02217
 16.98145  -7.37796
 16.85143  -6.60368
 16.98145  -5.95751
 16.85143  -5.31058
 16.33138  -4.40376
 16.85143  -3.62559
 16.20136  -3.10643
 15.68130  -2.32723
 15.42127  -1.67755
 15.55129  -1.02767
 15.68130  -0.37765
 15.94133   0.40244
 16.07135   1.31243
 16.46139   1.83229
 16.72142   2.61178
 16.59140   3.39079
 16.85143   3.90979
 16.46139   4.55809
 16.85143   5.33527
 17.50151   5.98217
 17.63152   6.75743
 18.02156   7.40254
 17.89155   8.04671
 18.41161   8.68986
 19.06168   9.46018
 19.84177  10.10080
 20.75187  10.99551
 21.66197  11.63295
 21.92200  12.39594
 22.05202  13.03008
 22.57207  13.91512
 23.09213  14.41936
 23.74221  15.04806
 23.87222  15.92510
 24.39228  16.54924
 24.65231  17.41964
 25.04235  17.91517
 25.30238  18.65586
 25.82244  19.51592
 26.21248  20.00535
 26.99257  20.85819
 27.51263  21.58537
 28.03269  22.18858
 28.42273  22.90903
 28.68276  23.62567
 29.33283  24.21989
 29.72288  25.04716
 29.85289  25.63467
 30.11292  26.45235
 30.37295  27.14864
 30.76299  27.72559
 31.02302  28.41391
 31.02302  29.21133
 32.71321  29.88994
 34.01336  30.45194
 35.44352  31.23333
 36.48363  32.00830
 37.26372  32.77678
 37.78378  33.53868
 38.82390  34.18644
 39.34395  34.93591
 39.99403  35.57292
 40.77411  36.20491
 41.16416  36.83183
 41.42419  37.65980
 41.81423  38.27478
 42.33429  38.98573
 42.72433  39.78959
 42.59432  40.38640
 42.85435  41.07604
 42.85435  41.85544
 42.85435  42.52972
 42.72433  43.19679
 42.72433  43.95033
 42.59432  44.69444
 42.59432  45.24632
