Longitde, Latitude co-ordinates defining a boundary around an ocean basin. 
 Used to extract E-P data. 
 
-66.74793  45.33779
-69.47824  44.50930
-71.55847  43.76283
-72.33856  43.10194
-73.24866  42.43383
-74.15876  41.56427
-75.19888  40.87973
-75.97897  40.18805
-77.14910  39.38882
-78.44924  38.07036
-79.09932  37.45366
-80.00942  36.83183
-80.13943  35.99481
-80.26945  35.25504
-81.17955  34.61554
-81.17955  33.86317
-82.34968  33.21296
-84.03987  32.44823
-85.86007  31.78754
-87.68028  31.12209
-90.15055  30.45194
-92.10077  29.77715
-94.83108  29.21133
-96.39125  28.52820
-96.91131  27.84061
-97.17134  27.14864
-97.95143  26.21931
-97.95143  25.40001
-97.82141  24.81135
-98.21146  24.10126
-98.47149  23.38722
-98.08144  22.66930
-98.08144  21.94760
-97.69140  21.58537
-97.17134  20.49327
-97.30135  19.76083
-96.65128  19.27065
-95.74118  18.53263
-94.18101  17.79141
-92.36080  17.04711
-90.54060  16.29983
-88.98042  15.67490
-87.29023  14.92246
-85.99009  14.29341
-85.21000  13.53622
-84.42991  12.77661
-83.64983  12.26893
-83.51981  11.63295
-83.64983  10.86786
-83.38980  10.22877
-82.73972   9.33191
-81.95964   8.68986
-79.22933   8.04671
-76.36901   7.14461
-74.28878   6.49914
-69.08819   5.72349
-66.61792   5.07631
-63.62758   4.42847
-61.67736   3.78007
-58.42700   3.00136
-56.47678   2.22209
-52.57634   1.57237
-51.14618   0.92246
-50.23608   0.27242
-48.93594  -0.50766
-47.63579  -1.28764
-46.59567  -1.93745
-45.03550  -2.71689
-43.08528  -3.23625
-41.52511  -4.01477
-40.35497  -4.66297
-38.92481  -5.31058
-37.49465  -6.21607
-36.06449  -6.73281
-37.10461  -7.63576
-38.01471  -8.27957
-38.79480  -8.92233
-39.44487  -9.69214
-40.09495 -10.33231
-40.61500 -10.97118
-41.00505 -11.48128
-41.26508 -12.37173
-42.04516 -13.00592
-42.69524 -13.89106
-43.08528 -14.39535
-43.60534 -15.27511
-44.12540 -15.90126
-44.64546 -16.52548
-44.90548 -17.27188
-46.07562 -18.13886
-46.33564 -18.75553
-46.85570 -19.36995
-47.50578 -20.10420
-47.63579 -20.59180
-48.41588 -21.44135
-48.93594 -22.16563
-49.32598 -23.12554
-50.49611 -23.60295
-51.14618 -24.43424
-51.66624 -25.26009
-52.31631 -25.84657
-52.83637 -26.54652
-53.48645 -27.12658
-53.22642 -27.81869
-53.87649 -28.50642
-54.00650 -29.30313
-54.13652 -29.86844
-54.78659 -30.43057
-55.30665 -31.10086
-56.08674 -31.87694
-56.73681 -32.53698
-57.25687 -33.19222
-57.77693 -34.16593
-57.64691 -34.70209
